(kicad_pcb (version 20171130) (host pcbnew "(5.1.5)-3")

  (general
    (thickness 1.6)
    (drawings 15)
    (tracks 223)
    (zones 0)
    (modules 34)
    (nets 28)
  )

  (page A4)
  (layers
    (0 F.Cu power)
    (31 B.Cu power)
    (32 B.Adhes user)
    (33 F.Adhes user)
    (34 B.Paste user)
    (35 F.Paste user)
    (36 B.SilkS user)
    (37 F.SilkS user)
    (38 B.Mask user)
    (39 F.Mask user)
    (40 Dwgs.User user)
    (41 Cmts.User user)
    (42 Eco1.User user)
    (43 Eco2.User user)
    (44 Edge.Cuts user)
    (45 Margin user)
    (46 B.CrtYd user)
    (47 F.CrtYd user)
    (48 B.Fab user)
    (49 F.Fab user)
  )

  (setup
    (last_trace_width 1)
    (user_trace_width 1)
    (user_trace_width 2)
    (user_trace_width 10)
    (trace_clearance 0.2)
    (zone_clearance 0.508)
    (zone_45_only no)
    (trace_min 0.2)
    (via_size 0.8)
    (via_drill 0.4)
    (via_min_size 0.4)
    (via_min_drill 0.3)
    (user_via 3.2 1.6)
    (user_via 18 9)
    (uvia_size 0.3)
    (uvia_drill 0.1)
    (uvias_allowed no)
    (uvia_min_size 0.2)
    (uvia_min_drill 0.1)
    (edge_width 0.05)
    (segment_width 0.2)
    (pcb_text_width 0.3)
    (pcb_text_size 1.5 1.5)
    (mod_edge_width 0.12)
    (mod_text_size 1 1)
    (mod_text_width 0.15)
    (pad_size 1.524 1.524)
    (pad_drill 0.762)
    (pad_to_mask_clearance 0.051)
    (solder_mask_min_width 0.25)
    (aux_axis_origin 0 0)
    (visible_elements 7FFFFFFF)
    (pcbplotparams
      (layerselection 0x01008_ffffffff)
      (usegerberextensions false)
      (usegerberattributes false)
      (usegerberadvancedattributes false)
      (creategerberjobfile false)
      (excludeedgelayer true)
      (linewidth 0.100000)
      (plotframeref false)
      (viasonmask false)
      (mode 1)
      (useauxorigin false)
      (hpglpennumber 1)
      (hpglpenspeed 20)
      (hpglpendiameter 15.000000)
      (psnegative false)
      (psa4output false)
      (plotreference true)
      (plotvalue true)
      (plotinvisibletext false)
      (padsonsilk false)
      (subtractmaskfromsilk false)
      (outputformat 1)
      (mirror false)
      (drillshape 0)
      (scaleselection 1)
      (outputdirectory ""))
  )

  (net 0 "")
  (net 1 /5V)
  (net 2 GNDREF)
  (net 3 "Net-(D1-Pad1)")
  (net 4 "Net-(ESP1-Pad31)")
  (net 5 "Net-(ESP1-Pad30)")
  (net 6 "Net-(ESP1-Pad29)")
  (net 7 "Net-(ESP1-Pad28)")
  (net 8 "Net-(ESP1-Pad27)")
  (net 9 "Net-(ESP1-Pad26)")
  (net 10 /PWM5_5V)
  (net 11 /PWM5_3.3V)
  (net 12 /PWM6_3.3V)
  (net 13 /PWM6_5V)
  (net 14 /PWM2_5V)
  (net 15 /PWM2_3.3V)
  (net 16 /PWM1_5V)
  (net 17 /PWM1_3.3V)
  (net 18 /PWM3_3.3V)
  (net 19 /PWM3_5V)
  (net 20 /PWM4_3.3V)
  (net 21 /PWM4_5V)
  (net 22 "Net-(Motor1Conn1-Pad1)")
  (net 23 "Net-(Motor2Conn1-Pad1)")
  (net 24 "Net-(Motor3Conn1-Pad1)")
  (net 25 "Net-(Motor4Conn1-Pad1)")
  (net 26 "Net-(Motor5Conn1-Pad1)")
  (net 27 "Net-(Motor6Conn1-Pad1)")

  (net_class Default "This is the default net class."
    (clearance 0.2)
    (trace_width 0.25)
    (via_dia 0.8)
    (via_drill 0.4)
    (uvia_dia 0.3)
    (uvia_drill 0.1)
    (add_net /5V)
    (add_net /PWM1_3.3V)
    (add_net /PWM1_5V)
    (add_net /PWM2_3.3V)
    (add_net /PWM2_5V)
    (add_net /PWM3_3.3V)
    (add_net /PWM3_5V)
    (add_net /PWM4_3.3V)
    (add_net /PWM4_5V)
    (add_net /PWM5_3.3V)
    (add_net /PWM5_5V)
    (add_net /PWM6_3.3V)
    (add_net /PWM6_5V)
    (add_net GNDREF)
    (add_net "Net-(D1-Pad1)")
    (add_net "Net-(ESP1-Pad26)")
    (add_net "Net-(ESP1-Pad27)")
    (add_net "Net-(ESP1-Pad28)")
    (add_net "Net-(ESP1-Pad29)")
    (add_net "Net-(ESP1-Pad30)")
    (add_net "Net-(ESP1-Pad31)")
    (add_net "Net-(Motor1Conn1-Pad1)")
    (add_net "Net-(Motor2Conn1-Pad1)")
    (add_net "Net-(Motor3Conn1-Pad1)")
    (add_net "Net-(Motor4Conn1-Pad1)")
    (add_net "Net-(Motor5Conn1-Pad1)")
    (add_net "Net-(Motor6Conn1-Pad1)")
  )

  (module "Motor board:SOT65P210X110-3N" (layer F.Cu) (tedit 0) (tstamp 620E9CF5)
    (at 182.6 83.95 270)
    (descr "SC70 (3)")
    (tags "Integrated Circuit")
    (path /620EC9A9)
    (attr smd)
    (fp_text reference IC4 (at 0 0 90) (layer F.SilkS)
      (effects (font (size 1.27 1.27) (thickness 0.254)))
    )
    (fp_text value TPD2E2U06DCKR (at 0 0 90) (layer F.SilkS) hide
      (effects (font (size 1.27 1.27) (thickness 0.254)))
    )
    (fp_text user %R (at 0 0 90) (layer F.Fab)
      (effects (font (size 1.27 1.27) (thickness 0.254)))
    )
    (fp_line (start -1.8 -1.325) (end 1.8 -1.325) (layer F.CrtYd) (width 0.05))
    (fp_line (start 1.8 -1.325) (end 1.8 1.325) (layer F.CrtYd) (width 0.05))
    (fp_line (start 1.8 1.325) (end -1.8 1.325) (layer F.CrtYd) (width 0.05))
    (fp_line (start -1.8 1.325) (end -1.8 -1.325) (layer F.CrtYd) (width 0.05))
    (fp_line (start -0.625 -1) (end 0.625 -1) (layer F.Fab) (width 0.1))
    (fp_line (start 0.625 -1) (end 0.625 1) (layer F.Fab) (width 0.1))
    (fp_line (start 0.625 1) (end -0.625 1) (layer F.Fab) (width 0.1))
    (fp_line (start -0.625 1) (end -0.625 -1) (layer F.Fab) (width 0.1))
    (fp_line (start -0.625 -0.35) (end 0.025 -1) (layer F.Fab) (width 0.1))
    (fp_line (start -1.55 -1.1) (end -0.35 -1.1) (layer F.SilkS) (width 0.2))
    (pad 1 smd rect (at -0.95 -0.65) (size 0.4 1.2) (layers F.Cu F.Paste F.Mask)
      (net 1 /5V))
    (pad 2 smd rect (at -0.95 0.65) (size 0.4 1.2) (layers F.Cu F.Paste F.Mask)
      (net 1 /5V))
    (pad 3 smd rect (at 0.95 0) (size 0.4 1.2) (layers F.Cu F.Paste F.Mask)
      (net 2 GNDREF))
    (model TPD2E2U06DCKR.stp
      (at (xyz 0 0 0))
      (scale (xyz 1 1 1))
      (rotate (xyz 0 0 0))
    )
  )

  (module "Motor board:SOIC127P780X200-14N" (layer F.Cu) (tedit 0) (tstamp 62082C33)
    (at 158.75 31.25)
    (descr "NS (R-PDSO-G14)")
    (tags "Integrated Circuit")
    (path /62084357)
    (attr smd)
    (fp_text reference IC2 (at 0 0) (layer F.SilkS)
      (effects (font (size 1.27 1.27) (thickness 0.254)))
    )
    (fp_text value SN74HC125NSR (at 0 0) (layer F.SilkS) hide
      (effects (font (size 1.27 1.27) (thickness 0.254)))
    )
    (fp_line (start -4.475 -4.51) (end -2.65 -4.51) (layer F.SilkS) (width 0.2))
    (fp_line (start -2.3 5.1) (end -2.3 -5.1) (layer F.SilkS) (width 0.2))
    (fp_line (start 2.3 5.1) (end -2.3 5.1) (layer F.SilkS) (width 0.2))
    (fp_line (start 2.3 -5.1) (end 2.3 5.1) (layer F.SilkS) (width 0.2))
    (fp_line (start -2.3 -5.1) (end 2.3 -5.1) (layer F.SilkS) (width 0.2))
    (fp_line (start -2.65 -3.83) (end -1.38 -5.1) (layer F.Fab) (width 0.1))
    (fp_line (start -2.65 5.1) (end -2.65 -5.1) (layer F.Fab) (width 0.1))
    (fp_line (start 2.65 5.1) (end -2.65 5.1) (layer F.Fab) (width 0.1))
    (fp_line (start 2.65 -5.1) (end 2.65 5.1) (layer F.Fab) (width 0.1))
    (fp_line (start -2.65 -5.1) (end 2.65 -5.1) (layer F.Fab) (width 0.1))
    (fp_line (start -4.725 5.5) (end -4.725 -5.5) (layer F.CrtYd) (width 0.05))
    (fp_line (start 4.725 5.5) (end -4.725 5.5) (layer F.CrtYd) (width 0.05))
    (fp_line (start 4.725 -5.5) (end 4.725 5.5) (layer F.CrtYd) (width 0.05))
    (fp_line (start -4.725 -5.5) (end 4.725 -5.5) (layer F.CrtYd) (width 0.05))
    (fp_text user %R (at 0 0) (layer F.Fab)
      (effects (font (size 1.27 1.27) (thickness 0.254)))
    )
    (pad 14 smd rect (at 3.562 -3.81 90) (size 0.7 1.825) (layers F.Cu F.Paste F.Mask)
      (net 1 /5V))
    (pad 13 smd rect (at 3.562 -2.54 90) (size 0.7 1.825) (layers F.Cu F.Paste F.Mask)
      (net 2 GNDREF))
    (pad 12 smd rect (at 3.562 -1.27 90) (size 0.7 1.825) (layers F.Cu F.Paste F.Mask)
      (net 10 /PWM5_5V))
    (pad 11 smd rect (at 3.562 0 90) (size 0.7 1.825) (layers F.Cu F.Paste F.Mask)
      (net 11 /PWM5_3.3V))
    (pad 10 smd rect (at 3.562 1.27 90) (size 0.7 1.825) (layers F.Cu F.Paste F.Mask)
      (net 2 GNDREF))
    (pad 9 smd rect (at 3.562 2.54 90) (size 0.7 1.825) (layers F.Cu F.Paste F.Mask)
      (net 12 /PWM6_3.3V))
    (pad 8 smd rect (at 3.562 3.81 90) (size 0.7 1.825) (layers F.Cu F.Paste F.Mask)
      (net 13 /PWM6_5V))
    (pad 7 smd rect (at -3.562 3.81 90) (size 0.7 1.825) (layers F.Cu F.Paste F.Mask)
      (net 2 GNDREF))
    (pad 6 smd rect (at -3.562 2.54 90) (size 0.7 1.825) (layers F.Cu F.Paste F.Mask)
      (net 14 /PWM2_5V))
    (pad 5 smd rect (at -3.562 1.27 90) (size 0.7 1.825) (layers F.Cu F.Paste F.Mask)
      (net 15 /PWM2_3.3V))
    (pad 4 smd rect (at -3.562 0 90) (size 0.7 1.825) (layers F.Cu F.Paste F.Mask)
      (net 2 GNDREF))
    (pad 3 smd rect (at -3.562 -1.27 90) (size 0.7 1.825) (layers F.Cu F.Paste F.Mask)
      (net 16 /PWM1_5V))
    (pad 2 smd rect (at -3.562 -2.54 90) (size 0.7 1.825) (layers F.Cu F.Paste F.Mask)
      (net 17 /PWM1_3.3V))
    (pad 1 smd rect (at -3.562 -3.81 90) (size 0.7 1.825) (layers F.Cu F.Paste F.Mask)
      (net 2 GNDREF))
    (model SN74HC125NSR.stp
      (at (xyz 0 0 0))
      (scale (xyz 1 1 1))
      (rotate (xyz 0 0 0))
    )
  )

  (module Connector_BarrelJack:BarrelJack_CUI_PJ-036AH-SMT_Horizontal (layer F.Cu) (tedit 5A1DBF38) (tstamp 62082B0F)
    (at 203.3 27.3 270)
    (descr "Surface-mount DC Barrel Jack, http://www.cui.com/product/resource/pj-036ah-smt.pdf")
    (tags "Power Jack SMT")
    (path /61F62006)
    (attr smd)
    (fp_text reference Barrel_Jack1 (at -4.5 -5.75 90) (layer F.SilkS)
      (effects (font (size 1 1) (thickness 0.15)))
    )
    (fp_text value Barrel_Jack (at 0 11.25 90) (layer F.Fab)
      (effects (font (size 1 1) (thickness 0.15)))
    )
    (fp_circle (center 0.7 -3.4) (end 0.75 -2.95) (layer F.Fab) (width 0.12))
    (fp_line (start 4.1 -2.5) (end 4.1 -4.5) (layer F.Fab) (width 0.1))
    (fp_line (start 4.5 -2.5) (end 4.1 -2.5) (layer F.Fab) (width 0.1))
    (fp_line (start 4.5 10) (end 4.5 -2.5) (layer F.Fab) (width 0.1))
    (fp_line (start -4.5 10) (end 4.5 10) (layer F.Fab) (width 0.1))
    (fp_line (start -4.5 -2.5) (end -4.5 10) (layer F.Fab) (width 0.1))
    (fp_line (start -4.1 -2.5) (end -4.5 -2.5) (layer F.Fab) (width 0.1))
    (fp_line (start -4.1 -4.5) (end -4.1 -2.5) (layer F.Fab) (width 0.1))
    (fp_line (start 4.1 -4.5) (end -4.1 -4.5) (layer F.Fab) (width 0.1))
    (fp_line (start -1.19 -8.24) (end 0.55 -8.24) (layer F.SilkS) (width 0.12))
    (fp_line (start -1.19 -6.5) (end -1.19 -8.24) (layer F.SilkS) (width 0.12))
    (fp_line (start 4.6 -2.6) (end 4.6 -0.15) (layer F.SilkS) (width 0.12))
    (fp_line (start 4.2 -2.6) (end 4.6 -2.6) (layer F.SilkS) (width 0.12))
    (fp_line (start 4.2 -4.6) (end 4.2 -2.6) (layer F.SilkS) (width 0.12))
    (fp_line (start 2.6 -4.6) (end 4.2 -4.6) (layer F.SilkS) (width 0.12))
    (fp_line (start -4.2 -4.6) (end -1.2 -4.6) (layer F.SilkS) (width 0.12))
    (fp_line (start -4.2 -2.6) (end -4.2 -4.6) (layer F.SilkS) (width 0.12))
    (fp_line (start -4.6 -2.6) (end -4.2 -2.6) (layer F.SilkS) (width 0.12))
    (fp_line (start -4.6 -0.15) (end -4.6 -2.6) (layer F.SilkS) (width 0.12))
    (fp_line (start -4.6 10.1) (end -4.6 6.55) (layer F.SilkS) (width 0.12))
    (fp_line (start 4.6 10.1) (end -4.6 10.1) (layer F.SilkS) (width 0.12))
    (fp_line (start 4.6 6.55) (end 4.6 10.1) (layer F.SilkS) (width 0.12))
    (fp_line (start 8.9 -8.5) (end -8.9 -8.5) (layer F.CrtYd) (width 0.05))
    (fp_line (start 8.9 10.5) (end 8.9 -8.5) (layer F.CrtYd) (width 0.05))
    (fp_line (start -8.9 10.5) (end 8.9 10.5) (layer F.CrtYd) (width 0.05))
    (fp_line (start -8.9 -8.5) (end -8.9 10.5) (layer F.CrtYd) (width 0.05))
    (fp_text user %R (at 0 0 90) (layer F.Fab)
      (effects (font (size 1 1) (thickness 0.15)))
    )
    (pad "" np_thru_hole circle (at 0 7 270) (size 2 2) (drill 2) (layers *.Cu *.Mask))
    (pad 3 smd rect (at 6.45 3.2 270) (size 3.9 6.2) (layers F.Cu F.Paste F.Mask))
    (pad 2 smd rect (at -6.45 3.2 270) (size 3.9 6.2) (layers F.Cu F.Paste F.Mask)
      (net 2 GNDREF))
    (pad 1 smd rect (at 0.7 -5.8 270) (size 3.3 4.4) (layers F.Cu F.Paste F.Mask)
      (net 1 /5V))
    (model ${KISYS3DMOD}/Connector_BarrelJack.3dshapes/BarrelJack_CUI_PJ-036AH-SMT_Horizontal.wrl
      (at (xyz 0 0 0))
      (scale (xyz 1 1 1))
      (rotate (xyz 0 0 0))
    )
  )

  (module Capacitor_SMD:C_0805_2012Metric (layer F.Cu) (tedit 5B36C52B) (tstamp 62082B20)
    (at 165 27.7 270)
    (descr "Capacitor SMD 0805 (2012 Metric), square (rectangular) end terminal, IPC_7351 nominal, (Body size source: https://docs.google.com/spreadsheets/d/1BsfQQcO9C6DZCsRaXUlFlo91Tg2WpOkGARC1WS5S8t0/edit?usp=sharing), generated with kicad-footprint-generator")
    (tags capacitor)
    (path /620B6650)
    (attr smd)
    (fp_text reference C1 (at 0 -1.65 90) (layer F.SilkS)
      (effects (font (size 1 1) (thickness 0.15)))
    )
    (fp_text value 0.1uf (at 0 1.65 180) (layer F.Fab)
      (effects (font (size 1 1) (thickness 0.15)))
    )
    (fp_text user %R (at 0 0 90) (layer F.Fab)
      (effects (font (size 0.5 0.5) (thickness 0.08)))
    )
    (fp_line (start 1.68 0.95) (end -1.68 0.95) (layer F.CrtYd) (width 0.05))
    (fp_line (start 1.68 -0.95) (end 1.68 0.95) (layer F.CrtYd) (width 0.05))
    (fp_line (start -1.68 -0.95) (end 1.68 -0.95) (layer F.CrtYd) (width 0.05))
    (fp_line (start -1.68 0.95) (end -1.68 -0.95) (layer F.CrtYd) (width 0.05))
    (fp_line (start -0.258578 0.71) (end 0.258578 0.71) (layer F.SilkS) (width 0.12))
    (fp_line (start -0.258578 -0.71) (end 0.258578 -0.71) (layer F.SilkS) (width 0.12))
    (fp_line (start 1 0.6) (end -1 0.6) (layer F.Fab) (width 0.1))
    (fp_line (start 1 -0.6) (end 1 0.6) (layer F.Fab) (width 0.1))
    (fp_line (start -1 -0.6) (end 1 -0.6) (layer F.Fab) (width 0.1))
    (fp_line (start -1 0.6) (end -1 -0.6) (layer F.Fab) (width 0.1))
    (pad 2 smd roundrect (at 0.9375 0 270) (size 0.975 1.4) (layers F.Cu F.Paste F.Mask) (roundrect_rratio 0.25)
      (net 2 GNDREF))
    (pad 1 smd roundrect (at -0.9375 0 270) (size 0.975 1.4) (layers F.Cu F.Paste F.Mask) (roundrect_rratio 0.25)
      (net 1 /5V))
    (model ${KISYS3DMOD}/Capacitor_SMD.3dshapes/C_0805_2012Metric.wrl
      (at (xyz 0 0 0))
      (scale (xyz 1 1 1))
      (rotate (xyz 0 0 0))
    )
  )

  (module Capacitor_SMD:C_0805_2012Metric (layer F.Cu) (tedit 5B36C52B) (tstamp 62082B31)
    (at 166 40.5 270)
    (descr "Capacitor SMD 0805 (2012 Metric), square (rectangular) end terminal, IPC_7351 nominal, (Body size source: https://docs.google.com/spreadsheets/d/1BsfQQcO9C6DZCsRaXUlFlo91Tg2WpOkGARC1WS5S8t0/edit?usp=sharing), generated with kicad-footprint-generator")
    (tags capacitor)
    (path /620B9C94)
    (attr smd)
    (fp_text reference C2 (at 0 -1.65 90) (layer F.SilkS)
      (effects (font (size 1 1) (thickness 0.15)))
    )
    (fp_text value 0.1uf (at 0 1.65 90) (layer F.Fab)
      (effects (font (size 1 1) (thickness 0.15)))
    )
    (fp_line (start -1 0.6) (end -1 -0.6) (layer F.Fab) (width 0.1))
    (fp_line (start -1 -0.6) (end 1 -0.6) (layer F.Fab) (width 0.1))
    (fp_line (start 1 -0.6) (end 1 0.6) (layer F.Fab) (width 0.1))
    (fp_line (start 1 0.6) (end -1 0.6) (layer F.Fab) (width 0.1))
    (fp_line (start -0.258578 -0.71) (end 0.258578 -0.71) (layer F.SilkS) (width 0.12))
    (fp_line (start -0.258578 0.71) (end 0.258578 0.71) (layer F.SilkS) (width 0.12))
    (fp_line (start -1.68 0.95) (end -1.68 -0.95) (layer F.CrtYd) (width 0.05))
    (fp_line (start -1.68 -0.95) (end 1.68 -0.95) (layer F.CrtYd) (width 0.05))
    (fp_line (start 1.68 -0.95) (end 1.68 0.95) (layer F.CrtYd) (width 0.05))
    (fp_line (start 1.68 0.95) (end -1.68 0.95) (layer F.CrtYd) (width 0.05))
    (fp_text user %R (at 0 0 90) (layer F.Fab)
      (effects (font (size 0.5 0.5) (thickness 0.08)))
    )
    (pad 1 smd roundrect (at -0.9375 0 270) (size 0.975 1.4) (layers F.Cu F.Paste F.Mask) (roundrect_rratio 0.25)
      (net 1 /5V))
    (pad 2 smd roundrect (at 0.9375 0 270) (size 0.975 1.4) (layers F.Cu F.Paste F.Mask) (roundrect_rratio 0.25)
      (net 2 GNDREF))
    (model ${KISYS3DMOD}/Capacitor_SMD.3dshapes/C_0805_2012Metric.wrl
      (at (xyz 0 0 0))
      (scale (xyz 1 1 1))
      (rotate (xyz 0 0 0))
    )
  )

  (module Capacitor_SMD:C_0805_2012Metric (layer F.Cu) (tedit 5B36C52B) (tstamp 62082B42)
    (at 195 42.25 270)
    (descr "Capacitor SMD 0805 (2012 Metric), square (rectangular) end terminal, IPC_7351 nominal, (Body size source: https://docs.google.com/spreadsheets/d/1BsfQQcO9C6DZCsRaXUlFlo91Tg2WpOkGARC1WS5S8t0/edit?usp=sharing), generated with kicad-footprint-generator")
    (tags capacitor)
    (path /61F6C378)
    (attr smd)
    (fp_text reference C3 (at 0 -1.65 90) (layer F.SilkS)
      (effects (font (size 1 1) (thickness 0.15)))
    )
    (fp_text value 10uf (at 0 1.65 90) (layer F.Fab)
      (effects (font (size 1 1) (thickness 0.15)))
    )
    (fp_text user %R (at 0 0 90) (layer F.Fab)
      (effects (font (size 0.5 0.5) (thickness 0.08)))
    )
    (fp_line (start 1.68 0.95) (end -1.68 0.95) (layer F.CrtYd) (width 0.05))
    (fp_line (start 1.68 -0.95) (end 1.68 0.95) (layer F.CrtYd) (width 0.05))
    (fp_line (start -1.68 -0.95) (end 1.68 -0.95) (layer F.CrtYd) (width 0.05))
    (fp_line (start -1.68 0.95) (end -1.68 -0.95) (layer F.CrtYd) (width 0.05))
    (fp_line (start -0.258578 0.71) (end 0.258578 0.71) (layer F.SilkS) (width 0.12))
    (fp_line (start -0.258578 -0.71) (end 0.258578 -0.71) (layer F.SilkS) (width 0.12))
    (fp_line (start 1 0.6) (end -1 0.6) (layer F.Fab) (width 0.1))
    (fp_line (start 1 -0.6) (end 1 0.6) (layer F.Fab) (width 0.1))
    (fp_line (start -1 -0.6) (end 1 -0.6) (layer F.Fab) (width 0.1))
    (fp_line (start -1 0.6) (end -1 -0.6) (layer F.Fab) (width 0.1))
    (pad 2 smd roundrect (at 0.9375 0 270) (size 0.975 1.4) (layers F.Cu F.Paste F.Mask) (roundrect_rratio 0.25)
      (net 2 GNDREF))
    (pad 1 smd roundrect (at -0.9375 0 270) (size 0.975 1.4) (layers F.Cu F.Paste F.Mask) (roundrect_rratio 0.25)
      (net 1 /5V))
    (model ${KISYS3DMOD}/Capacitor_SMD.3dshapes/C_0805_2012Metric.wrl
      (at (xyz 0 0 0))
      (scale (xyz 1 1 1))
      (rotate (xyz 0 0 0))
    )
  )

  (module Capacitor_SMD:C_0805_2012Metric (layer F.Cu) (tedit 5B36C52B) (tstamp 62082B53)
    (at 195 51.1375 270)
    (descr "Capacitor SMD 0805 (2012 Metric), square (rectangular) end terminal, IPC_7351 nominal, (Body size source: https://docs.google.com/spreadsheets/d/1BsfQQcO9C6DZCsRaXUlFlo91Tg2WpOkGARC1WS5S8t0/edit?usp=sharing), generated with kicad-footprint-generator")
    (tags capacitor)
    (path /61F87C30)
    (attr smd)
    (fp_text reference C4 (at 0 -1.65 90) (layer F.SilkS)
      (effects (font (size 1 1) (thickness 0.15)))
    )
    (fp_text value 10uf (at 0 1.65 90) (layer F.Fab)
      (effects (font (size 1 1) (thickness 0.15)))
    )
    (fp_line (start -1 0.6) (end -1 -0.6) (layer F.Fab) (width 0.1))
    (fp_line (start -1 -0.6) (end 1 -0.6) (layer F.Fab) (width 0.1))
    (fp_line (start 1 -0.6) (end 1 0.6) (layer F.Fab) (width 0.1))
    (fp_line (start 1 0.6) (end -1 0.6) (layer F.Fab) (width 0.1))
    (fp_line (start -0.258578 -0.71) (end 0.258578 -0.71) (layer F.SilkS) (width 0.12))
    (fp_line (start -0.258578 0.71) (end 0.258578 0.71) (layer F.SilkS) (width 0.12))
    (fp_line (start -1.68 0.95) (end -1.68 -0.95) (layer F.CrtYd) (width 0.05))
    (fp_line (start -1.68 -0.95) (end 1.68 -0.95) (layer F.CrtYd) (width 0.05))
    (fp_line (start 1.68 -0.95) (end 1.68 0.95) (layer F.CrtYd) (width 0.05))
    (fp_line (start 1.68 0.95) (end -1.68 0.95) (layer F.CrtYd) (width 0.05))
    (fp_text user %R (at 0 0 90) (layer F.Fab)
      (effects (font (size 0.5 0.5) (thickness 0.08)))
    )
    (pad 1 smd roundrect (at -0.9375 0 270) (size 0.975 1.4) (layers F.Cu F.Paste F.Mask) (roundrect_rratio 0.25)
      (net 1 /5V))
    (pad 2 smd roundrect (at 0.9375 0 270) (size 0.975 1.4) (layers F.Cu F.Paste F.Mask) (roundrect_rratio 0.25)
      (net 2 GNDREF))
    (model ${KISYS3DMOD}/Capacitor_SMD.3dshapes/C_0805_2012Metric.wrl
      (at (xyz 0 0 0))
      (scale (xyz 1 1 1))
      (rotate (xyz 0 0 0))
    )
  )

  (module Capacitor_SMD:C_0805_2012Metric (layer F.Cu) (tedit 5B36C52B) (tstamp 62082B64)
    (at 195 60.0625 270)
    (descr "Capacitor SMD 0805 (2012 Metric), square (rectangular) end terminal, IPC_7351 nominal, (Body size source: https://docs.google.com/spreadsheets/d/1BsfQQcO9C6DZCsRaXUlFlo91Tg2WpOkGARC1WS5S8t0/edit?usp=sharing), generated with kicad-footprint-generator")
    (tags capacitor)
    (path /61F885D1)
    (attr smd)
    (fp_text reference C5 (at 0 -1.65 90) (layer F.SilkS)
      (effects (font (size 1 1) (thickness 0.15)))
    )
    (fp_text value 10uf (at 0 1.65 90) (layer F.Fab)
      (effects (font (size 1 1) (thickness 0.15)))
    )
    (fp_text user %R (at 0 0 90) (layer F.Fab)
      (effects (font (size 0.5 0.5) (thickness 0.08)))
    )
    (fp_line (start 1.68 0.95) (end -1.68 0.95) (layer F.CrtYd) (width 0.05))
    (fp_line (start 1.68 -0.95) (end 1.68 0.95) (layer F.CrtYd) (width 0.05))
    (fp_line (start -1.68 -0.95) (end 1.68 -0.95) (layer F.CrtYd) (width 0.05))
    (fp_line (start -1.68 0.95) (end -1.68 -0.95) (layer F.CrtYd) (width 0.05))
    (fp_line (start -0.258578 0.71) (end 0.258578 0.71) (layer F.SilkS) (width 0.12))
    (fp_line (start -0.258578 -0.71) (end 0.258578 -0.71) (layer F.SilkS) (width 0.12))
    (fp_line (start 1 0.6) (end -1 0.6) (layer F.Fab) (width 0.1))
    (fp_line (start 1 -0.6) (end 1 0.6) (layer F.Fab) (width 0.1))
    (fp_line (start -1 -0.6) (end 1 -0.6) (layer F.Fab) (width 0.1))
    (fp_line (start -1 0.6) (end -1 -0.6) (layer F.Fab) (width 0.1))
    (pad 2 smd roundrect (at 0.9375 0 270) (size 0.975 1.4) (layers F.Cu F.Paste F.Mask) (roundrect_rratio 0.25)
      (net 2 GNDREF))
    (pad 1 smd roundrect (at -0.9375 0 270) (size 0.975 1.4) (layers F.Cu F.Paste F.Mask) (roundrect_rratio 0.25)
      (net 1 /5V))
    (model ${KISYS3DMOD}/Capacitor_SMD.3dshapes/C_0805_2012Metric.wrl
      (at (xyz 0 0 0))
      (scale (xyz 1 1 1))
      (rotate (xyz 0 0 0))
    )
  )

  (module Capacitor_SMD:C_0805_2012Metric (layer F.Cu) (tedit 5B36C52B) (tstamp 62082B75)
    (at 195 68.8125 270)
    (descr "Capacitor SMD 0805 (2012 Metric), square (rectangular) end terminal, IPC_7351 nominal, (Body size source: https://docs.google.com/spreadsheets/d/1BsfQQcO9C6DZCsRaXUlFlo91Tg2WpOkGARC1WS5S8t0/edit?usp=sharing), generated with kicad-footprint-generator")
    (tags capacitor)
    (path /61F88E88)
    (attr smd)
    (fp_text reference C6 (at 0 -1.65 90) (layer F.SilkS)
      (effects (font (size 1 1) (thickness 0.15)))
    )
    (fp_text value 10uf (at 0 1.65 90) (layer F.Fab)
      (effects (font (size 1 1) (thickness 0.15)))
    )
    (fp_line (start -1 0.6) (end -1 -0.6) (layer F.Fab) (width 0.1))
    (fp_line (start -1 -0.6) (end 1 -0.6) (layer F.Fab) (width 0.1))
    (fp_line (start 1 -0.6) (end 1 0.6) (layer F.Fab) (width 0.1))
    (fp_line (start 1 0.6) (end -1 0.6) (layer F.Fab) (width 0.1))
    (fp_line (start -0.258578 -0.71) (end 0.258578 -0.71) (layer F.SilkS) (width 0.12))
    (fp_line (start -0.258578 0.71) (end 0.258578 0.71) (layer F.SilkS) (width 0.12))
    (fp_line (start -1.68 0.95) (end -1.68 -0.95) (layer F.CrtYd) (width 0.05))
    (fp_line (start -1.68 -0.95) (end 1.68 -0.95) (layer F.CrtYd) (width 0.05))
    (fp_line (start 1.68 -0.95) (end 1.68 0.95) (layer F.CrtYd) (width 0.05))
    (fp_line (start 1.68 0.95) (end -1.68 0.95) (layer F.CrtYd) (width 0.05))
    (fp_text user %R (at 0 0 90) (layer F.Fab)
      (effects (font (size 0.5 0.5) (thickness 0.08)))
    )
    (pad 1 smd roundrect (at -0.9375 0 270) (size 0.975 1.4) (layers F.Cu F.Paste F.Mask) (roundrect_rratio 0.25)
      (net 1 /5V))
    (pad 2 smd roundrect (at 0.9375 0 270) (size 0.975 1.4) (layers F.Cu F.Paste F.Mask) (roundrect_rratio 0.25)
      (net 2 GNDREF))
    (model ${KISYS3DMOD}/Capacitor_SMD.3dshapes/C_0805_2012Metric.wrl
      (at (xyz 0 0 0))
      (scale (xyz 1 1 1))
      (rotate (xyz 0 0 0))
    )
  )

  (module Capacitor_SMD:C_0805_2012Metric (layer F.Cu) (tedit 5B36C52B) (tstamp 62082B86)
    (at 195 77.5625 270)
    (descr "Capacitor SMD 0805 (2012 Metric), square (rectangular) end terminal, IPC_7351 nominal, (Body size source: https://docs.google.com/spreadsheets/d/1BsfQQcO9C6DZCsRaXUlFlo91Tg2WpOkGARC1WS5S8t0/edit?usp=sharing), generated with kicad-footprint-generator")
    (tags capacitor)
    (path /61F896C7)
    (attr smd)
    (fp_text reference C7 (at 0 -1.65 90) (layer F.SilkS)
      (effects (font (size 1 1) (thickness 0.15)))
    )
    (fp_text value 10uf (at 0 1.65 90) (layer F.Fab)
      (effects (font (size 1 1) (thickness 0.15)))
    )
    (fp_text user %R (at 0 0 90) (layer F.Fab)
      (effects (font (size 0.5 0.5) (thickness 0.08)))
    )
    (fp_line (start 1.68 0.95) (end -1.68 0.95) (layer F.CrtYd) (width 0.05))
    (fp_line (start 1.68 -0.95) (end 1.68 0.95) (layer F.CrtYd) (width 0.05))
    (fp_line (start -1.68 -0.95) (end 1.68 -0.95) (layer F.CrtYd) (width 0.05))
    (fp_line (start -1.68 0.95) (end -1.68 -0.95) (layer F.CrtYd) (width 0.05))
    (fp_line (start -0.258578 0.71) (end 0.258578 0.71) (layer F.SilkS) (width 0.12))
    (fp_line (start -0.258578 -0.71) (end 0.258578 -0.71) (layer F.SilkS) (width 0.12))
    (fp_line (start 1 0.6) (end -1 0.6) (layer F.Fab) (width 0.1))
    (fp_line (start 1 -0.6) (end 1 0.6) (layer F.Fab) (width 0.1))
    (fp_line (start -1 -0.6) (end 1 -0.6) (layer F.Fab) (width 0.1))
    (fp_line (start -1 0.6) (end -1 -0.6) (layer F.Fab) (width 0.1))
    (pad 2 smd roundrect (at 0.9375 0 270) (size 0.975 1.4) (layers F.Cu F.Paste F.Mask) (roundrect_rratio 0.25)
      (net 2 GNDREF))
    (pad 1 smd roundrect (at -0.9375 0 270) (size 0.975 1.4) (layers F.Cu F.Paste F.Mask) (roundrect_rratio 0.25)
      (net 1 /5V))
    (model ${KISYS3DMOD}/Capacitor_SMD.3dshapes/C_0805_2012Metric.wrl
      (at (xyz 0 0 0))
      (scale (xyz 1 1 1))
      (rotate (xyz 0 0 0))
    )
  )

  (module Capacitor_SMD:C_0805_2012Metric (layer F.Cu) (tedit 5B36C52B) (tstamp 62082B97)
    (at 195 86.3125 270)
    (descr "Capacitor SMD 0805 (2012 Metric), square (rectangular) end terminal, IPC_7351 nominal, (Body size source: https://docs.google.com/spreadsheets/d/1BsfQQcO9C6DZCsRaXUlFlo91Tg2WpOkGARC1WS5S8t0/edit?usp=sharing), generated with kicad-footprint-generator")
    (tags capacitor)
    (path /61F8A073)
    (attr smd)
    (fp_text reference C8 (at 0 -1.65 90) (layer F.SilkS)
      (effects (font (size 1 1) (thickness 0.15)))
    )
    (fp_text value 10uf (at 0 1.65 90) (layer F.Fab)
      (effects (font (size 1 1) (thickness 0.15)))
    )
    (fp_line (start -1 0.6) (end -1 -0.6) (layer F.Fab) (width 0.1))
    (fp_line (start -1 -0.6) (end 1 -0.6) (layer F.Fab) (width 0.1))
    (fp_line (start 1 -0.6) (end 1 0.6) (layer F.Fab) (width 0.1))
    (fp_line (start 1 0.6) (end -1 0.6) (layer F.Fab) (width 0.1))
    (fp_line (start -0.258578 -0.71) (end 0.258578 -0.71) (layer F.SilkS) (width 0.12))
    (fp_line (start -0.258578 0.71) (end 0.258578 0.71) (layer F.SilkS) (width 0.12))
    (fp_line (start -1.68 0.95) (end -1.68 -0.95) (layer F.CrtYd) (width 0.05))
    (fp_line (start -1.68 -0.95) (end 1.68 -0.95) (layer F.CrtYd) (width 0.05))
    (fp_line (start 1.68 -0.95) (end 1.68 0.95) (layer F.CrtYd) (width 0.05))
    (fp_line (start 1.68 0.95) (end -1.68 0.95) (layer F.CrtYd) (width 0.05))
    (fp_text user %R (at 0 0 90) (layer F.Fab)
      (effects (font (size 0.5 0.5) (thickness 0.08)))
    )
    (pad 1 smd roundrect (at -0.9375 0 270) (size 0.975 1.4) (layers F.Cu F.Paste F.Mask) (roundrect_rratio 0.25)
      (net 1 /5V))
    (pad 2 smd roundrect (at 0.9375 0 270) (size 0.975 1.4) (layers F.Cu F.Paste F.Mask) (roundrect_rratio 0.25)
      (net 2 GNDREF))
    (model ${KISYS3DMOD}/Capacitor_SMD.3dshapes/C_0805_2012Metric.wrl
      (at (xyz 0 0 0))
      (scale (xyz 1 1 1))
      (rotate (xyz 0 0 0))
    )
  )

  (module LED_SMD:LED_1806_4516Metric_Pad1.57x1.80mm_HandSolder (layer F.Cu) (tedit 5B4B45C9) (tstamp 62082BAA)
    (at 180.75 25.75 90)
    (descr "LED SMD 1806 (4516 Metric), square (rectangular) end terminal, IPC_7351 nominal, (Body size source: https://www.modelithics.com/models/Vendor/MuRata/BLM41P.pdf), generated with kicad-footprint-generator")
    (tags "LED handsolder")
    (path /6204B1A1)
    (attr smd)
    (fp_text reference D1 (at 0 -1.85 90) (layer F.SilkS)
      (effects (font (size 1 1) (thickness 0.15)))
    )
    (fp_text value LED (at 0 1.85 90) (layer F.Fab)
      (effects (font (size 1 1) (thickness 0.15)))
    )
    (fp_line (start 2.25 -0.8) (end -1.85 -0.8) (layer F.Fab) (width 0.1))
    (fp_line (start -1.85 -0.8) (end -2.25 -0.4) (layer F.Fab) (width 0.1))
    (fp_line (start -2.25 -0.4) (end -2.25 0.8) (layer F.Fab) (width 0.1))
    (fp_line (start -2.25 0.8) (end 2.25 0.8) (layer F.Fab) (width 0.1))
    (fp_line (start 2.25 0.8) (end 2.25 -0.8) (layer F.Fab) (width 0.1))
    (fp_line (start 2.25 -1.16) (end -3.135 -1.16) (layer F.SilkS) (width 0.12))
    (fp_line (start -3.135 -1.16) (end -3.135 1.16) (layer F.SilkS) (width 0.12))
    (fp_line (start -3.135 1.16) (end 2.25 1.16) (layer F.SilkS) (width 0.12))
    (fp_line (start -3.12 1.15) (end -3.12 -1.15) (layer F.CrtYd) (width 0.05))
    (fp_line (start -3.12 -1.15) (end 3.12 -1.15) (layer F.CrtYd) (width 0.05))
    (fp_line (start 3.12 -1.15) (end 3.12 1.15) (layer F.CrtYd) (width 0.05))
    (fp_line (start 3.12 1.15) (end -3.12 1.15) (layer F.CrtYd) (width 0.05))
    (fp_text user %R (at 0 0 90) (layer F.Fab)
      (effects (font (size 1 1) (thickness 0.15)))
    )
    (pad 1 smd roundrect (at -2.0875 0 90) (size 1.575 1.8) (layers F.Cu F.Paste F.Mask) (roundrect_rratio 0.15873)
      (net 3 "Net-(D1-Pad1)"))
    (pad 2 smd roundrect (at 2.0875 0 90) (size 1.575 1.8) (layers F.Cu F.Paste F.Mask) (roundrect_rratio 0.15873)
      (net 1 /5V))
    (model ${KISYS3DMOD}/LED_SMD.3dshapes/LED_1806_4516Metric.wrl
      (at (xyz 0 0 0))
      (scale (xyz 1 1 1))
      (rotate (xyz 0 0 0))
    )
  )

  (module "Motor board:ESP32WROOM32EM113EH3200PH3Q0" (layer F.Cu) (tedit 0) (tstamp 62082C00)
    (at 125 27)
    (descr "ESP32-WROOM-32E(M113EH3200PH3Q0)-1")
    (tags "Integrated Circuit")
    (path /61F71228)
    (attr smd)
    (fp_text reference ESP1 (at 8.1 5.505) (layer F.SilkS)
      (effects (font (size 1.27 1.27) (thickness 0.254)))
    )
    (fp_text value ESP32-WROOM-32E_M113EH3200PH3Q0_ (at 8.1 5.505) (layer F.SilkS) hide
      (effects (font (size 1.27 1.27) (thickness 0.254)))
    )
    (fp_arc (start -1.75 0) (end -1.8 0) (angle -180) (layer F.SilkS) (width 0.2))
    (fp_arc (start -1.75 0) (end -1.7 0) (angle -180) (layer F.SilkS) (width 0.2))
    (fp_arc (start -1.75 0) (end -1.8 0) (angle -180) (layer F.SilkS) (width 0.2))
    (fp_line (start -1.8 0) (end -1.8 0) (layer F.SilkS) (width 0.2))
    (fp_line (start -1.7 0) (end -1.7 0) (layer F.SilkS) (width 0.2))
    (fp_line (start -1.8 0) (end -1.8 0) (layer F.SilkS) (width 0.2))
    (fp_line (start 17.5 -1.25) (end 17.5 -7.5) (layer F.SilkS) (width 0.1))
    (fp_line (start 17.5 -1.25) (end 17.5 -1.25) (layer F.SilkS) (width 0.1))
    (fp_line (start 17.5 -7.5) (end 17.5 -1.25) (layer F.SilkS) (width 0.1))
    (fp_line (start 17.5 -7.5) (end 17.5 -7.5) (layer F.SilkS) (width 0.1))
    (fp_line (start -0.5 -7.5) (end -0.5 -1.25) (layer F.SilkS) (width 0.1))
    (fp_line (start -0.5 -7.5) (end -0.5 -7.5) (layer F.SilkS) (width 0.1))
    (fp_line (start -0.5 -1.25) (end -0.5 -7.5) (layer F.SilkS) (width 0.1))
    (fp_line (start -0.5 -1.25) (end -0.5 -1.25) (layer F.SilkS) (width 0.1))
    (fp_line (start -2.8 19.51) (end -2.8 -8.5) (layer F.CrtYd) (width 0.1))
    (fp_line (start 19 19.51) (end -2.8 19.51) (layer F.CrtYd) (width 0.1))
    (fp_line (start 19 -8.5) (end 19 19.51) (layer F.CrtYd) (width 0.1))
    (fp_line (start -2.8 -8.5) (end 19 -8.5) (layer F.CrtYd) (width 0.1))
    (fp_line (start 15.5 18) (end 15.5 18) (layer F.SilkS) (width 0.1))
    (fp_line (start 17.5 18) (end 15.5 18) (layer F.SilkS) (width 0.1))
    (fp_line (start 17.5 18) (end 17.5 18) (layer F.SilkS) (width 0.1))
    (fp_line (start 15.5 18) (end 17.5 18) (layer F.SilkS) (width 0.1))
    (fp_line (start -0.5 18) (end -0.5 18) (layer F.SilkS) (width 0.1))
    (fp_line (start 1.5 18) (end -0.5 18) (layer F.SilkS) (width 0.1))
    (fp_line (start 1.5 18) (end 1.5 18) (layer F.SilkS) (width 0.1))
    (fp_line (start -0.5 18) (end 1.5 18) (layer F.SilkS) (width 0.1))
    (fp_line (start -0.5 -7.5) (end -0.5 -7.5) (layer F.SilkS) (width 0.1))
    (fp_line (start 17.5 -7.5) (end -0.5 -7.5) (layer F.SilkS) (width 0.1))
    (fp_line (start 17.5 -7.5) (end 17.5 -7.5) (layer F.SilkS) (width 0.1))
    (fp_line (start -0.5 -7.5) (end 17.5 -7.5) (layer F.SilkS) (width 0.1))
    (fp_line (start -0.5 -7.49) (end -0.5 18.01) (layer F.Fab) (width 0.2))
    (fp_line (start 17.5 -7.49) (end -0.5 -7.49) (layer F.Fab) (width 0.2))
    (fp_line (start 17.5 18.01) (end 17.5 -7.49) (layer F.Fab) (width 0.2))
    (fp_line (start -0.5 18.01) (end 17.5 18.01) (layer F.Fab) (width 0.2))
    (fp_text user %R (at 8.1 5.505) (layer F.Fab)
      (effects (font (size 1.27 1.27) (thickness 0.254)))
    )
    (pad 47 smd rect (at 10 10 90) (size 1.33 1.33) (layers F.Cu F.Paste F.Mask))
    (pad 46 smd rect (at 10 7.5 90) (size 1.33 1.33) (layers F.Cu F.Paste F.Mask))
    (pad 45 smd rect (at 10 5 90) (size 1.33 1.33) (layers F.Cu F.Paste F.Mask))
    (pad 44 smd rect (at 7.5 5 90) (size 1.33 1.33) (layers F.Cu F.Paste F.Mask))
    (pad 43 smd rect (at 7.5 7.5 90) (size 1.33 1.33) (layers F.Cu F.Paste F.Mask))
    (pad 42 smd rect (at 7.5 10 90) (size 1.33 1.33) (layers F.Cu F.Paste F.Mask))
    (pad 41 smd rect (at 5 10 90) (size 1.33 1.33) (layers F.Cu F.Paste F.Mask))
    (pad 40 smd rect (at 5 7.5 90) (size 1.33 1.33) (layers F.Cu F.Paste F.Mask))
    (pad 39 smd rect (at 5 5 90) (size 1.33 1.33) (layers F.Cu F.Paste F.Mask))
    (pad 38 smd rect (at 17 0 90) (size 0.9 2) (layers F.Cu F.Paste F.Mask))
    (pad 37 smd rect (at 17 1.27 90) (size 0.9 2) (layers F.Cu F.Paste F.Mask))
    (pad 36 smd rect (at 17 2.54 90) (size 0.9 2) (layers F.Cu F.Paste F.Mask))
    (pad 35 smd rect (at 17 3.81 90) (size 0.9 2) (layers F.Cu F.Paste F.Mask))
    (pad 34 smd rect (at 17 5.08 90) (size 0.9 2) (layers F.Cu F.Paste F.Mask))
    (pad 33 smd rect (at 17 6.35 90) (size 0.9 2) (layers F.Cu F.Paste F.Mask))
    (pad 32 smd rect (at 17 7.62 90) (size 0.9 2) (layers F.Cu F.Paste F.Mask))
    (pad 31 smd rect (at 17 8.89 90) (size 0.9 2) (layers F.Cu F.Paste F.Mask)
      (net 4 "Net-(ESP1-Pad31)"))
    (pad 30 smd rect (at 17 10.16 90) (size 0.9 2) (layers F.Cu F.Paste F.Mask)
      (net 5 "Net-(ESP1-Pad30)"))
    (pad 29 smd rect (at 17 11.43 90) (size 0.9 2) (layers F.Cu F.Paste F.Mask)
      (net 6 "Net-(ESP1-Pad29)"))
    (pad 28 smd rect (at 17 12.7 90) (size 0.9 2) (layers F.Cu F.Paste F.Mask)
      (net 7 "Net-(ESP1-Pad28)"))
    (pad 27 smd rect (at 17 13.97 90) (size 0.9 2) (layers F.Cu F.Paste F.Mask)
      (net 8 "Net-(ESP1-Pad27)"))
    (pad 26 smd rect (at 17 15.24 90) (size 0.9 2) (layers F.Cu F.Paste F.Mask)
      (net 9 "Net-(ESP1-Pad26)"))
    (pad 25 smd rect (at 17 16.51 90) (size 0.9 2) (layers F.Cu F.Paste F.Mask))
    (pad 24 smd rect (at 14.215 17.51) (size 0.9 2) (layers F.Cu F.Paste F.Mask))
    (pad 23 smd rect (at 12.945 17.51) (size 0.9 2) (layers F.Cu F.Paste F.Mask))
    (pad 22 smd rect (at 11.675 17.51) (size 0.9 2) (layers F.Cu F.Paste F.Mask))
    (pad 21 smd rect (at 10.405 17.51) (size 0.9 2) (layers F.Cu F.Paste F.Mask))
    (pad 20 smd rect (at 9.135 17.51) (size 0.9 2) (layers F.Cu F.Paste F.Mask))
    (pad 19 smd rect (at 7.865 17.51) (size 0.9 2) (layers F.Cu F.Paste F.Mask))
    (pad 18 smd rect (at 6.595 17.51) (size 0.9 2) (layers F.Cu F.Paste F.Mask))
    (pad 17 smd rect (at 5.325 17.51) (size 0.9 2) (layers F.Cu F.Paste F.Mask))
    (pad 16 smd rect (at 4.055 17.51) (size 0.9 2) (layers F.Cu F.Paste F.Mask))
    (pad 15 smd rect (at 2.785 17.51) (size 0.9 2) (layers F.Cu F.Paste F.Mask))
    (pad 14 smd rect (at 0 16.51 90) (size 0.9 2) (layers F.Cu F.Paste F.Mask))
    (pad 13 smd rect (at 0 15.24 90) (size 0.9 2) (layers F.Cu F.Paste F.Mask))
    (pad 12 smd rect (at 0 13.97 90) (size 0.9 2) (layers F.Cu F.Paste F.Mask))
    (pad 11 smd rect (at 0 12.7 90) (size 0.9 2) (layers F.Cu F.Paste F.Mask))
    (pad 10 smd rect (at 0 11.43 90) (size 0.9 2) (layers F.Cu F.Paste F.Mask))
    (pad 9 smd rect (at 0 10.16 90) (size 0.9 2) (layers F.Cu F.Paste F.Mask))
    (pad 8 smd rect (at 0 8.89 90) (size 0.9 2) (layers F.Cu F.Paste F.Mask))
    (pad 7 smd rect (at 0 7.62 90) (size 0.9 2) (layers F.Cu F.Paste F.Mask))
    (pad 6 smd rect (at 0 6.35 90) (size 0.9 2) (layers F.Cu F.Paste F.Mask))
    (pad 5 smd rect (at 0 5.08 90) (size 0.9 2) (layers F.Cu F.Paste F.Mask))
    (pad 4 smd rect (at 0 3.81 90) (size 0.9 2) (layers F.Cu F.Paste F.Mask))
    (pad 3 smd rect (at 0 2.54 90) (size 0.9 2) (layers F.Cu F.Paste F.Mask))
    (pad 2 smd rect (at 0 1.27 90) (size 0.9 2) (layers F.Cu F.Paste F.Mask))
    (pad 1 smd rect (at 0 0 90) (size 0.9 2) (layers F.Cu F.Paste F.Mask))
    (model ESP32-WROOM-32E_M113EH3200PH3Q0_.stp
      (offset (xyz 8.499999872342844 -5.510000146129843 0))
      (scale (xyz 1 1 1))
      (rotate (xyz -90 0 0))
    )
  )

  (module "Motor board:SOT65P210X110-3N" (layer F.Cu) (tedit 0) (tstamp 62082C12)
    (at 173.5 24.7 270)
    (descr "SC70 (3)")
    (tags "Integrated Circuit")
    (path /6202D15B)
    (attr smd)
    (fp_text reference IC1 (at 0 0 90) (layer F.SilkS)
      (effects (font (size 1.27 1.27) (thickness 0.254)))
    )
    (fp_text value TPD2E2U06DCKR (at 0 0 90) (layer F.SilkS) hide
      (effects (font (size 1.27 1.27) (thickness 0.254)))
    )
    (fp_line (start -1.55 -1.1) (end -0.35 -1.1) (layer F.SilkS) (width 0.2))
    (fp_line (start -0.625 -0.35) (end 0.025 -1) (layer F.Fab) (width 0.1))
    (fp_line (start -0.625 1) (end -0.625 -1) (layer F.Fab) (width 0.1))
    (fp_line (start 0.625 1) (end -0.625 1) (layer F.Fab) (width 0.1))
    (fp_line (start 0.625 -1) (end 0.625 1) (layer F.Fab) (width 0.1))
    (fp_line (start -0.625 -1) (end 0.625 -1) (layer F.Fab) (width 0.1))
    (fp_line (start -1.8 1.325) (end -1.8 -1.325) (layer F.CrtYd) (width 0.05))
    (fp_line (start 1.8 1.325) (end -1.8 1.325) (layer F.CrtYd) (width 0.05))
    (fp_line (start 1.8 -1.325) (end 1.8 1.325) (layer F.CrtYd) (width 0.05))
    (fp_line (start -1.8 -1.325) (end 1.8 -1.325) (layer F.CrtYd) (width 0.05))
    (fp_text user %R (at 0 0 90) (layer F.Fab)
      (effects (font (size 1.27 1.27) (thickness 0.254)))
    )
    (pad 3 smd rect (at 0.95 0) (size 0.4 1.2) (layers F.Cu F.Paste F.Mask)
      (net 2 GNDREF))
    (pad 2 smd rect (at -0.95 0.65) (size 0.4 1.2) (layers F.Cu F.Paste F.Mask)
      (net 1 /5V))
    (pad 1 smd rect (at -0.95 -0.65) (size 0.4 1.2) (layers F.Cu F.Paste F.Mask)
      (net 1 /5V))
    (model TPD2E2U06DCKR.stp
      (at (xyz 0 0 0))
      (scale (xyz 1 1 1))
      (rotate (xyz 0 0 0))
    )
  )

  (module "Motor board:SOIC127P780X200-14N" (layer F.Cu) (tedit 0) (tstamp 62082C54)
    (at 158.75 43.75)
    (descr "NS (R-PDSO-G14)")
    (tags "Integrated Circuit")
    (path /6209817D)
    (attr smd)
    (fp_text reference IC3 (at 0 0) (layer F.SilkS)
      (effects (font (size 1.27 1.27) (thickness 0.254)))
    )
